n 30
m 6
a -3
b 4
f(x)
-0.0394311
-0.259041
-0.554509
-0.751761
-0.71557
-0.419525
0.0381282
0.480879
0.73945
0.733681
0.509883
0.215082
0.0212128
0.0374502
0.254723
0.550325
0.750283
0.718158
0.425607
-0.0308126
-0.475189
-0.737455
-0.735669
-0.514258
-0.219196
-0.0227265
-0.0355178
-0.250425
-0.546117
-0.748749
x
-3
-2.75862
-2.51724
-2.27586
-2.03448
-1.7931
-1.55172
-1.31034
-1.06897
-0.827586
-0.586207
-0.344828
-0.103448
0.137931
0.37931
0.62069
0.862069
1.10345
1.34483
1.58621
1.82759
2.06897
2.31034
2.55172
2.7931
3.03448
3.27586
3.51724
3.75862
4
wêz³y
0.0808394
0.025517
-0.0162649
0.00362759
-0.00102778
-0.000586793
B³¹d: 
2.84801